0.70	38.60	-0.31	0.26	0.10	0.22	0.04	-0.10	-0.61	0.79	-0.70	12.90	1.71	12500.00	3.30	29.00	35.00	2.00	2923.35
0.63	40.70	-0.21	0.17	0.04	0.22	-0.13	-0.09	-0.43	0.44	-0.44	11.10	2.78	15200.00	4.30	35.30	103.00	32.00	39871.53
0.73	24.50	0.02	0.53	0.20	0.25	0.14	0.06	-0.31	0.55	-0.83	5.00	1.81	50300.00	5.10	30.30	188.00	42.00	23799.56
0.73	22.00	0.19	0.52	0.22	0.35	0.18	0.28	-0.21	0.75	-1.07	7.30	1.49	49900.00	6.00	30.50	79.00	26.00	8678.66
0.75	18.70	0.12	0.46	0.22	0.19	0.18	0.15	-0.16	0.48	-0.82	6.30	1.70	46600.00	6.60	25.90	82.00	17.00	11287.94
0.69	24.80	0.05	0.26	0.06	0.13	-0.04	0.17	-0.23	0.64	-0.84	11.90	1.73	15600.00	5.80	49.00	1394.00	177.00	205962.11
0.70	27.00	0.09	0.53	0.05	0.33	0.16	0.05	-0.15	0.25	-0.61	3.82	1.62	16700.00	2.00	46.50	2208.00	490.00	1397028.55
0.72	30.10	-0.15	0.28	-0.08	0.06	-0.16	-0.01	-0.41	0.72	-0.86	3.80	1.53	21700.00	4.10	40.20	54.00	17.00	7177.40
0.74	27.00	0.01	0.39	0.21	0.25	0.13	0.10	-0.28	0.58	-0.81	5.80	1.60	48300.00	5.50	32.10	81.00	355.00	35949.71
0.70	15.80	0.17	0.42	0.03	0.19	-0.08	0.21	-0.14	0.44	-0.79	7.10	1.77	24500.00	4.10	50.50	37.00	146.00	17762.68
0.73	29.70	0.13	0.59	0.03	0.09	-0.02	0.13	-0.18	0.47	-0.83	9.50	1.85	14500.00	4.50	51.10	289.00	56.00	48228.70
0.73	21.20	0.26	0.66	0.01	0.21	-0.03	0.24	-0.18	0.44	-0.96	10.20	1.78	16900.00	6.30	48.50	59.00	8.00	4807.85
0.71	27.20	0.06	0.49	0.15	0.19	0.05	0.14	-0.29	0.67	-0.95	8.40	1.40	24400.00	4.30	30.80	50.00	6.00	4236.02
0.69	24.40	0.10	0.67	0.15	0.21	-0.06	0.07	-0.26	0.44	-0.89	2.80	1.57	35500.00	4.20	25.00	80.00	21.00	10603.76
0.77	29.30	0.06	0.44	0.30	0.21	0.08	0.10	-0.25	0.46	-0.71	3.90	1.71	49900.00	8.70	29.00	76.00	9.00	5688.70
0.75	25.50	0.04	0.59	0.08	0.23	0.05	0.07	-0.32	0.53	-0.86	5.10	1.58	31800.00	5.70	34.80	29.00	5.00	1315.32
0.85	20.00	-0.20	0.39	0.22	0.28	0.04	-0.09	-0.50	0.66	-0.82	6.30	1.65	44300.00	6.80	27.20	46.00	19.00	5481.97
0.76	25.60	0.02	0.45	0.27	0.30	0.28	0.06	-0.25	0.52	-0.79	9.10	1.96	43800.00	5.90	29.30	620.00	157.00	64457.20
0.69	33.50	-0.18	0.41	-0.14	0.22	-0.14	-0.14	-0.56	0.63	-0.76	13.90	2.00	10700.00	2.70	40.10	62.00	3.00	3951.52
0.78	26.90	0.10	0.38	0.31	0.44	0.36	0.20	-0.21	0.70	-0.90	3.40	1.50	50400.00	5.10	27.00	270.00	134.00	81707.79
0.69	30.40	-0.10	0.38	0.15	0.10	0.11	-0.01	-0.38	0.60	-0.82	18.90	1.33	27700.00	4.10	36.70	76.00	31.00	11217.80
0.67	20.20	0.03	0.45	0.09	0.24	-0.02	0.08	-0.26	0.55	-0.86	3.80	1.45	29500.00	4.90	28.20	68.00	15.00	9783.93
0.88	27.00	-0.03	0.61	0.33	0.23	0.21	-0.02	-0.42	0.53	-0.86	1.70	1.80	51800.00	7.80	28.00	4.00	9.00	330.24
0.68	35.50	-0.06	0.34	-0.01	0.22	-0.09	-0.03	-0.31	0.38	-0.50	5.34	2.36	12400.00	2.80	36.80	68.00	2110.00	258162.11
0.81	23.90	0.12	0.33	0.20	0.22	0.09	0.19	-0.15	0.56	-0.79	5.30	1.92	75500.00	6.50	31.30	17.00	71.00	4700.11
0.71	27.00	0.04	0.35	0.13	0.12	0.05	0.08	-0.21	0.49	-0.76	4.00	3.11	36300.00	6.00	42.80	18.00	42.00	8064.55
0.73	32.10	0.19	0.47	0.15	0.28	0.24	0.21	-0.17	0.44	-0.75	10.10	1.35	38100.00	4.50	31.90	77.00	239.00	59504.21
0.67	27.00	0.15	0.45	0.21	0.33	0.45	0.16	-0.14	0.37	-0.70	2.30	1.44	42800.00	3.80	37.90	268.00	980.00	127974.96
0.59	27.00	-0.46	0.13	-0.08	0.22	-0.23	-0.17	-0.76	0.96	-0.86	18.70	3.38	12500.00	4.90	39.70	17.00	37.00	9159.30
0.65	26.90	-0.10	0.49	-0.03	0.32	0.27	-0.07	-0.41	0.49	-0.75	4.00	1.17	39400.00	5.00	35.70	370.00	104.00	25243.92
0.75	19.30	-0.13	0.51	0.04	0.31	0.03	-0.03	-0.50	0.67	-0.97	7.70	1.70	27600.00	5.00	34.50	52.00	5.00	1992.66
0.60	27.00	0.02	-0.09	0.04	0.22	-0.04	0.22	-0.12	0.67	-0.59	6.30	1.72	19400.00	1.60	34.90	41.00	9.00	5851.48
0.74	19.40	-0.08	0.54	0.08	0.25	-0.12	-0.01	-0.42	0.63	-0.85	8.30	1.70	32300.00	5.40	37.60	43.00	12.00	2931.93
0.74	28.70	0.08	0.50	0.18	0.28	0.12	0.12	-0.20	0.51	-0.83	5.40	1.47	106300.00	4.60	30.40	3.00	1.00	566.74
0.70	27.00	-0.10	0.56	0.09	0.34	0.16	-0.10	-0.39	0.31	-0.64	1.80	1.31	111600.00	4.90	35.00	10.00	5.00	600.94
0.70	33.90	-0.24	0.11	0.01	0.22	-0.30	-0.08	-0.46	0.66	-0.60	21.10	1.53	14900.00	4.90	33.70	20.00	3.00	2079.31
0.67	24.00	-0.09	0.33	0.21	0.22	0.10	-0.03	-0.35	0.54	-0.75	20.00	1.45	42000.00	5.40	28.10	4.00	1.00	427.62
0.70	29.10	0.12	0.52	0.01	0.16	0.01	0.10	-0.20	0.34	-0.74	3.60	2.18	19900.00	5.30	48.20	916.00	67.00	125890.95
0.74	25.20	-0.09	0.52	-0.06	0.22	-0.21	-0.02	-0.53	0.68	-0.91	3.00	1.24	5700.00	8.60	26.80	26.00	2.00	4065.98
0.69	27.00	-0.06	0.34	0.03	0.05	-0.07	0.01	-0.35	0.51	-0.72	17.20	1.67	17700.00	4.90	31.90	3.00	1.00	628.18
0.78	20.20	0.04	0.51	0.21	0.31	0.23	0.03	-0.22	0.38	-0.76	3.70	1.66	53600.00	6.00	30.30	133.00	34.00	16938.50
0.78	27.00	0.05	0.61	0.21	0.18	0.03	0.09	-0.31	0.56	-0.88	3.90	1.87	38900.00	7.20	36.20	56.00	13.00	4614.53
0.85	20.30	0.03	0.85	0.18	0.22	0.22	-0.04	-0.41	0.44	-0.90	4.00	1.72	71800.00	6.90	26.80	50.00	23.00	5199.84
0.68	27.00	0.14	0.38	0.04	0.11	0.01	0.12	-0.08	0.22	-0.53	6.20	2.40	13300.00	2.60	45.00	182.00	16.00	31376.67
0.72	26.90	0.07	0.61	-0.01	0.17	-0.10	0.13	-0.33	0.72	-0.97	5.70	1.32	29500.00	5.20	30.80	405.00	71.00	38265.23
0.73	31.40	0.11	0.48	0.12	0.27	0.08	0.10	-0.18	0.37	-0.67	6.70	1.31	30400.00	5.80	33.90	116.00	38.00	10418.47
0.70	25.10	-0.12	0.32	-0.07	0.22	-0.05	-0.10	-0.32	0.35	-0.49	8.60	1.30	37300.00	4.90	34.90	39.00	5.00	3673.73
0.65	22.90	-0.24	0.27	0.03	0.22	0.00	-0.12	-0.47	0.71	-0.85	0.10	1.91	124500.00	2.50	34.90	9.00	3.00	2481.54
0.69	32.60	-0.08	0.03	0.00	0.22	-0.07	0.01	-0.18	0.36	-0.32	4.10	1.58	24500.00	4.20	27.30	103.00	35.00	19876.62
0.69	27.00	0.05	0.50	0.14	0.26	0.07	0.08	-0.30	0.40	-0.69	4.50	1.75	27800.00	4.10	41.20	1172.00	122.00	143888.00
0.71	27.00	0.06	0.62	0.19	0.34	0.17	0.01	-0.20	0.23	-0.65	2.10	1.20	93900.00	3.30	45.90	45.00	11.00	5535.26
0.68	24.80	-0.01	0.47	0.14	0.17	-0.02	0.06	-0.34	0.65	-0.93	5.40	1.40	33000.00	4.20	23.70	36.00	17.00	5439.32
0.78	22.70	-0.06	0.57	0.09	0.28	-0.03	0.04	-0.48	0.75	-1.01	8.00	1.57	34400.00	5.70	24.40	40.00	5.00	2074.79
0.74	25.00	0.07	0.35	0.21	0.18	0.10	0.19	-0.24	0.66	-0.81	14.55	1.33	38300.00	5.00	35.90	261.00	83.00	46397.66
0.82	23.40	-0.04	0.56	0.30	0.25	0.17	-0.01	-0.39	0.56	-0.79	6.00	1.85	51500.00	7.00	24.90	46.00	30.00	9763.57
0.79	23.00	0.06	0.43	0.20	0.28	0.15	0.13	-0.26	0.61	-0.89	2.40	1.54	61400.00	5.40	29.50	102.00	24.00	8319.77
0.71	24.60	-0.12	0.37	0.01	0.09	-0.06	-0.03	-0.40	0.51	-0.59	1.00	1.48	17900.00	5.80	44.50	179.00	40.00	68657.60
0.72	27.00	-0.23	0.35	0.01	0.22	-0.01	-0.18	-0.49	0.57	-0.63	5.10	1.75	31400.00	3.80	34.90	12.00	1.00	1360.09
0.63	38.50	0.06	0.52	0.07	0.09	-0.12	0.06	-0.32	0.41	-0.80	15.40	2.20	11800.00	6.20	40.00	197.00	7.00	11273.66
0.62	36.30	-0.08	0.16	-0.10	0.15	0.01	0.08	-0.33	0.70	-0.76	10.80	2.05	26900.00	2.90	40.20	183.00	92.00	78271.47
0.65	37.40	-0.26	0.13	0.00	0.20	-0.02	-0.07	-0.48	0.82	-0.84	1.72	1.75	67700.00	1.30	34.90	63.00	15.00	9154.30
0.76	29.40	0.00	0.14	0.21	0.29	0.17	0.13	-0.21	0.53	-0.63	4.00	1.80	44100.00	5.60	32.40	280.00	142.00	65397.08
0.74	24.60	0.07	0.48	0.19	0.29	0.20	0.09	-0.21	0.44	-0.76	3.70	1.80	59500.00	5.60	45.00	3257.00	1041.00	319929.16
0.68	27.00	0.10	0.49	0.05	0.05	-0.06	0.15	-0.24	0.56	-0.90	8.70	2.00	22400.00	2.90	41.60	40.00	5.00	3431.55
0.69	36.40	-0.04	0.52	-0.06	0.22	0.07	-0.04	-0.34	0.41	-0.77	2.20	1.95	6900.00	6.60	34.80	132.00	18.00	93571.57
